Nombre	Xmin	Xmax	Ymin	Ymax	Zmin	Zmax
C25-2-3-04-CO	-13560.0	10876.0	-14200.0	14200.0	5200.0	9700.0
C25-PLM-1-1-01	-44625.0	-38635.0	7690.0	14200.0	-5800.0	-300.0
C25-PLM-1-1-03	-43851.0	-38640.0	4637.5	7540.0	-6700.0	-300.0
C25-PLM-1-1-04	-8400.0	-4325.0	-18375.0	-14500.0	-5800.0	-200.0
C25-PLM-1-1-05	-43845.5	-39637.5	3507.5	5030.5	-6700.0	-300.0
C25-PLM-1-1-06	-4125.0	-100.0	-18375.0	-14500.0	-5800.0	-200.0
C25-PLM-1-1-07	-44622.5	-42930.0	4635.0	6395.0	-6700.0	-300.0
C25-PLM-1-1-08	100.0	4125.0	-18375.0	-14500.0	-5800.0	-200.0
C25-PLM-1-1-09	-44600.0	-39652.5	-4480.0	3352.5	-6700.0	-300.0
C25-PLM-1-1-10	4325.0	8375.0	-18375.0	-14500.0	-5800.0	-200.0
C25-PLM-1-1-11_a	-46400.0	-38700.0	-14200.0	-4680.0	-6700.0	-300.0
C25-PLM-1-1-11_b	-46400.0	-43998.0	-4680.0	2557.0	-5800.0	-300.0
C25-PLM-1-1-12	-7878.0	8375.0	-20075.0	-18575.0	-6900.0	-200.0
C25-PLM-1-1-14	-8400.0	-125.0	-25300.0	-20275.0	-5800.0	-200.0
C25-PLM-1-1-15	8700.0	16850.0	14500.0	25250.0	-5800.0	4900.0
C25-PLM-1-1-16	8625.0	16850.0	-27700.0	-14500.0	-5800.0	4900.0
C25-PLM-1-1-18	-12740.0	-8650.0	-25300.0	-20275.0	-6900.0	-300.0
C25-PLM-1-1-19	-51620.93516	-51620.93516	7150.0	9851.0	-5800.0	-350.0
C25-PLM-1-1-20	-17000.0	-12940.0	-25300.0	-21040.0	-6900.0	-300.0
C25-PLM-1-1-21	-40690.0	-36100.0	17450.0	23167.0	-5800.0	-300.0
C25-PLM-1-1-22	125.0	4100.0	-25300.0	-20275.0	-6900.0	-200.0
C25-PLM-1-1-23	-40690.0	-36101.0	-23165.0	-17450.0	-6700.0	-300.0
C25-PLM-1-1-24	4350.0	8375.0	-25300.0	-20275.0	-6900.0	-200.0
C25-PLM-1-1-25_a	34300.0	44020.0	-150.0	25250.0	-6900.0	-300.0
C25-PLM-1-1-25_b	37249.91993	37249.91993	-12450.0	-150.0	-6900.0	5000.0
C25-PLM-1-1-26	-50131.3312	-50131.3312	-9850.0	-7150.0	-5800.0	-350.0
C25-PLM-1-1-27	4350.0	21150.0	25500.0	29750.0	-6900.0	-200.0
C25-PLM-1-1-28	-17000.0	-11305.0	-18375.0	-14500.0	-6900.0	-300.0
C25-PLM-1-1-29	34300.0	44020.0	25500.0	27500.0	-5800.0	-200.0
C25-PLM-1-1-30	-17000.0	-11305.0	-20840.0	-18575.0	-6900.0	-300.0
C25-PLM-1-1-32	34350.0	44070.0	-14200.0	-12650.0	-5800.0	7650.0
C25-PLM-1-1-36	-19900.0	-17300.0	-27700.0	-17450.0	-6900.0	-200.0
C25-PLM-1-1-38	-17000.0	-8650.0	-32087.53188	-32087.53188	-6900.0	-300.0
C25-PLM-1-1-40	-8400.0	4100.0	-27700.0	-25500.0	-6900.0	-300.0
C25-PLM-1-1-42_a	8650.0	11110.66	-29844.52376	-29844.52376	-6900.0	-400.0
C25-PLM-1-1-42_b	4350.0	8350.0	-27700.0	-25500.0	-6900.0	-300.0
C25-PLM-1-2-01_a	-36199.0	-36199.0	14450.0	14450.0	0.0	0.0
C25-PLM-1-2-01_b	-19900.0	-17200.0	5522.5	27500.0	0.0	5000.0
C25-PLM-1-2-02	4325.0	8375.0	-18375.0	-14500.0	0.0	4550.0
C25-PLM-1-2-03	-17200.0	25600.0	25500.0	27500.0	0.0	5000.0
C25-PLM-1-2-04	100.0	4125.0	-18375.0	-14500.0	0.0	4550.0
C25-PLM-1-2-05	-21897.5	-13860.0	-5522.5	10572.0	0.0	5050.0
C25-PLM-1-2-06	-4125.0	-100.0	-18375.0	-14500.0	0.0	4550.0
C25-PLM-1-2-07	25600.0	44120.0	14450.0	27525.0	0.0	4900.0
C25-PLM-1-2-08	-8400.0	-4325.0	-18375.0	-14500.0	0.0	4550.0
C25-PLM-1-2-09	37075.0	44120.0	-150.0	14150.0	0.0	5000.0
C25-PLM-1-2-10_a	8650.0	16850.0	-27700.0	-25500.0	0.0	4900.0
C25-PLM-1-2-10_b	100.0	8650.0	-27700.0	-25500.0	0.0	4550.0
C25-PLM-1-2-11	-8400.0	8400.0	14500.0	25250.0	0.0	5000.0
C25-PLM-1-2-12_a	-6930.0	8375.0	-20075.0	-18575.0	0.0	4550.0
C25-PLM-1-2-12_b	-8400.0	-6930.0	-22809.0	-18575.0	0.0	4550.0
C25-PLM-1-2-14_a	-6730.0	8375.0	-25300.0	-20275.0	0.0	4550.0
C25-PLM-1-2-14_b	-8400.0	-6730.0	-25300.0	-23009.0	0.0	4550.0
C25-PLM-1-2-16_a	-19900.0	-100.0	-27700.0	-25500.0	0.0	5050.0
C25-PLM-1-2-16_b	-11104.0	-8600.0	-25500.0	-20080.0	0.0	5050.0
C25-PLM-1-2-17	-16900.0	-8700.0	14500.0	25250.0	0.0	5000.0
C25-PLM-1-2-18	-19900.0	-17200.0	-25300.0	-5677.5	0.0	5050.0
C25-PLM-1-2-19	17150.0	25400.0	14500.0	25250.0	0.0	5000.0
C25-PLM-1-2-20	37050.0	44020.0	-25200.0	-14500.0	0.0	4900.0
C25-PLM-1-2-21	-16950.0	-12825.0	27750.0	31150.0	-600.0	4950.0
C25-PLM-1-2-215	17150.0	21250.0	27750.0	31250.0	-600.0	4950.0
C25-PLM-1-2-23	-12675.0	-8575.0	27750.0	31150.0	-600.0	4950.0
C25-PLM-1-2-27	21400.0	25500.0	27750.0	31250.0	-600.0	4950.0
C25-PLM-1-2-29	25600.0	34050.0	14500.0	17250.0	0.0	5000.0
C25-PLM-1-2-41	31810.0	33926.0	27800.0	28799.447	10000.0	13850.0
C25-PLM-1-3-01	-19900.0	-17200.0	-27700.0	27500.0	5200.0	9700.0
C25-PLM-1-3-02_a	-12802.0	-11302.0	-27700.0	-17280.0	5200.0	9700.0
C25-PLM-1-3-02_b	-11302.0	-8600.0	-27700.0	-25500.0	5200.0	9700.0
C25-PLM-1-3-02_c	-11160.0	8600.0	-31576.01491	-31576.01491	5200.0	9850.0
C25-PLM-1-3-02_d	8600.0	11160.0	-29847.23892	-29847.23892	5200.0	9850.0
C25-PLM-1-3-02_e	11160.0	12808.0	-27700.0	-18540.0	5200.0	9800.0
C25-PLM-1-3-03	-16900.0	-11100.0	14500.0	25200.0	5200.0	9700.0
C25-PLM-1-3-04	-17100.0	-13860.0	-3475.0	1705.0	5200.0	9850.0
C25-PLM-1-3-05	10949.0	16850.0	14500.0	24565.0	5200.0	9700.0
C25-PLM-1-3-06	8600.0	11110.0	-23327.0	-20030.0	5200.0	9800.0
C25-PLM-1-3-07_a	-17200.0	10749.0	25500.0	27500.0	5200.0	9700.0
C25-PLM-1-3-08	-11102.0	-8600.0	-23327.0	-20030.0	5200.0	9700.0
C25-PLM-1-3-09	-8500.0	-4450.0	17250.0	25200.0	5200.0	9700.0
C25-PLM-1-3-10	-17000.0	-13002.0	-25300.0	-18715.0	5200.0	9700.0
C25-PLM-1-3-11	-16950.0	-8575.0	27750.0	30995.0	4400.0	9700.0
C25-PLM-1-3-12	-11102.0	-8600.0	-19830.0	-16473.0	5200.0	9700.0
C25-PLM-1-3-13	17150.0	25500.0	27800.0	31100.0	4400.0	9800.0
C25-PLM-1-3-14	-8400.0	8400.0	-27750.0	-14500.0	4700.0	10000.0
C25-PLM-1-3-15	-8500.0	-4450.0	14500.0	17100.0	5200.0	9700.0
C25-PLM-1-3-17	4400.0	8499.0	17250.0	25250.0	5200.0	9700.0
C25-PLM-1-3-18	8600.0	11110.0	-19830.0	-16473.0	5200.0	9800.0
C25-PLM-1-3-20	12958.0	16850.0	-20745.0	-18700.0	5200.0	9800.0
C25-PLM-1-3-22	12958.0	16850.0	-22402.5	-20905.0	5200.0	9800.0
C25-PLM-1-3-23	4400.0	8499.0	14500.0	17100.0	5200.0	9700.0
C25-PLM-1-3-24	11310.0	16850.0	-18540.0	-14500.0	5200.0	9800.0
C25-PLM-1-3-25	-10900.0	-8700.0	15520.0	25200.0	5200.0	9700.0
C25-PLM-1-3-26	12958.0	16850.0	-27700.0	-22557.5	5200.0	9800.0
C25-PLM-1-3-27	8699.0	10749.0	14500.0	25300.0	5200.0	9700.0
C25-PLM-1-3-28	-11102.0	-8600.0	-25300.0	-23527.0	5200.0	9700.0
C25-PLM-1-3-29	10949.0	18650.0	24765.0	27500.0	5200.0	9700.0
C25-PLM-1-3-30	-17200.0	-13002.0	-27700.0	-25500.0	5200.0	9700.0
C25-PLM-1-3-32	8600.0	11110.0	-25300.0	-23527.0	5200.0	9800.0
C25-PLM-1-3-33	-4150.0	4100.0	14500.0	25250.0	5200.0	9700.0
C25-PLM-1-3-34	8600.0	11110.0	-16273.0	-14500.0	5200.0	9800.0
C25-PLM-1-3-36	-11102.0	-8600.0	-16273.0	-14500.0	5200.0	9700.0
C25-PLM-1-4-02	-8350.0	-100.0	-27751.0	-14500.0	10200.0	14900.0
C25-PLM-1-4-04	100.0	8400.0	-27751.0	-14500.0	10200.0	14900.0
C25-PLM-2-0-01	5450.0	16810.0	6000.0	10400.0	-12100.0	-6100.0
C25-PLM-2-0-02	5450.0	16810.0	-10400.0	-6000.0	-12100.0	-6100.0
C25-PLM-2-0-03	10700.0	16810.0	1800.0	4600.0	-12100.0	-6400.0
C25-PLM-2-0-04	10700.0	16810.0	-4600.0	-1800.0	-12100.0	-6400.0
C25-PLM-2-0-05-N1	16810.0	26275.0	-1000.0	1000.0	-12100.0	-6400.0
C25-PLM-2-0-05-N2	26275.0	30275.0	-10400.0	10400.0	-12100.0	-6100.0
C25-PLM-2-0-06	17610.0	24875.0	-4600.0	-1200.0	-12100.0	-6400.0
C25-PLM-2-0-07	17610.0	24875.0	1200.0	4600.0	-12100.0	-6400.0
C25-PLM-2-0-08	17010.0	26075.0	-10400.0	-6000.0	-12100.0	-6100.0
C25-PLM-2-0-09	17010.0	26075.0	6000.0	10400.0	-12100.0	-6100.0
C25-PLM-2-0-C04	10700.0	16810.0	-1115.0	1115.0	-12100.0	-6400.0
C25-PLM-2-1-01	-17100.0	-13860.0	-3475.0	3475.0	-5800.0	-150.0
C25-PLM-2-1-02	-17100.0	-13860.0	-8000.0	-3675.0	-5800.0	-150.0
C25-PLM-2-1-03	-17100.0	-13860.0	3675.0	8000.0	-5800.0	-150.0
C25-PLM-2-1-04-CO	-13560.0	10700.0	-14200.0	14200.0	-5720.0	-300.0
C25-PLM-2-1-04-E1	11180.0	26270.0	-14200.0	-9000.0	-5720.0	-300.0
C25-PLM-2-1-04-E2	10700.0	11180.0	-14200.0	-6000.0	-5720.0	-300.0
C25-PLM-2-1-04-N	26270.0	34050.0	-14200.0	14200.0	-5720.0	-300.0
C25-PLM-2-1-04-O1	10880.0	26270.0	10700.0	14200.0	-5720.0	-300.0
C25-PLM-2-1-04-O2	10700.0	10880.0	6000.0	14200.0	-5720.0	-300.0
C25-PLM-2-1-05	21470.0	24870.0	-2250.0	-400.0	-5800.0	-1000.0
C25-PLM-2-1-06	-24803.0	-17300.0	7561.0	7561.0	-6700.0	-150.0
C25-PLM-2-1-07	-19899.0	-8700.0	14500.0	27500.0	-6900.0	-200.0
C25-PLM-2-1-09	-8400.0	-100.0	14500.0	27500.0	-6900.0	-200.0
C25-PLM-2-1-11	100.0	8400.0	14500.0	27500.0	-6900.0	-200.0
C25-PLM-2-1-12	11380.0	15680.0	-9000.0	-6000.0	-5800.0	-300.0
C25-PLM-2-1-13	34350.0	37795.0	150.0	3475.0	-6900.0	-300.0
C25-PLM-2-1-14	15880.0	20180.0	-9000.0	-6000.0	-5800.0	-300.0
C25-PLM-2-1-15	11080.0	15680.0	6000.0	10700.0	-5800.0	-500.0
C25-PLM-2-1-16	17150.0	25350.0	-25200.0	-14500.0	-5800.0	-300.0
C25-PLM-2-1-17	15880.0	20180.0	6000.0	10700.0	-5800.0	-500.0
C25-PLM-2-1-18	20380.0	26070.0	-9000.0	-6000.0	-5800.0	-300.0
C25-PLM-2-1-19	17150.0	25350.0	14500.0	25250.0	-6900.0	-200.0
C25-PLM-2-1-20	25650.0	36550.0	-25200.0	-14500.0	-5800.0	-300.0
C25-PLM-2-1-21	20380.0	26070.0	6000.0	10700.0	-5800.0	-500.0
C25-PLM-2-1-22	34350.0	37795.0	-3475.0	-150.0	-6900.0	-300.0
C25-PLM-2-1-23	25750.0	33700.0	14600.0	25000.0	-5800.0	-600.0
C25-PLM-2-1-24	34350.0	34350.0	-8670.0	-3775.0	-5800.0	-300.0
C25-PLM-2-1-25	34350.0	34350.0	3775.0	6555.0	-5800.0	-200.0
C25-PLM-2-1-26	10700.0	13350.0	-4600.0	-400.0	-5800.0	-1000.0
C25-PLM-2-1-27	10700.0	13350.0	400.0	4600.0	-5800.0	-1000.0
C25-PLM-2-1-28	14150.0	16810.0	-4600.0	-400.0	-5800.0	-1000.0
C25-PLM-2-1-29	14150.0	16810.0	400.0	4600.0	-5800.0	-1000.0
C25-PLM-2-1-30	17610.0	20270.0	-4600.0	-400.0	-5800.0	-1000.0
C25-PLM-2-1-31	17610.0	20270.0	400.0	4600.0	-5800.0	-1000.0
C25-PLM-2-1-32	21470.0	24870.0	400.0	4600.0	-5800.0	-1000.0
C25-PLM-2-1-33	21470.0	24870.0	-4600.0	-2750.0	-5800.0	-1000.0
C25-PLM-2-1-37	-17100.0	-13860.0	10900.0	14300.0	-7100.0	-150.0
C25-PLM-2-1-41	-23089.5	-17300.0	-14200.0	-6285.0	-6700.0	-150.0
C25-PLM-2-1-42	-19800.0	-17300.0	7561.0	11386.0	-6700.0	-150.0
C25-PLM-2-1-44	-19747.0	-17300.0	-9925.0	-7640.0	-6700.0	-150.0
C25-PLM-2-1-45	-16950.0	-8650.0	25500.0	29750.0	-5800.0	-200.0
C25-PLM-2-1-46	37050.0	43820.0	-25200.0	-14800.0	-5800.0	-600.0
C25-PLM-2-1-47	21400.0	25200.0	25500.0	29750.0	-5800.0	-200.0
C25-PLM-2-1-49	25700.0	33700.0	25500.0	29750.0	-6900.0	-600.0
C25-PLM-2-2-01	21885.0	24885.0	1400.0	4600.0	0.0	4000.0
C25-PLM-2-2-02	-17100.0	-13860.0	-8000.0	-3675.0	0.0	5050.0
C25-PLM-2-2-03	-17100.0	-13860.0	3675.0	8000.0	0.0	5050.0
C25-PLM-2-2-04-CO	-13560.0	10700.0	-14200.0	14200.0	80.0	4900.0
C25-PLM-2-2-04-E	10700.0	34050.0	-14200.0	-6000.0	80.0	4900.0
C25-PLM-2-2-04-N1	26285.0	34050.0	-6000.0	10700.0	80.0	4900.0
C25-PLM-2-2-04-N2	34050.0	37795.0	-3475.0	3475.0	80.0	4900.0
C25-PLM-2-2-04-O1	10700.0	34050.0	10700.0	14200.0	80.0	4900.0
C25-PLM-2-2-04-O2	10700.0	10880.0	6000.0	10700.0	80.0	4900.0
C25-PLM-2-2-05	-17000.0	-11304.0	-20840.0	-14500.0	0.0	5050.0
C25-PLM-2-2-06	17150.0	36750.0	-25200.0	-14500.0	0.0	4900.0
C25-PLM-2-2-07	11380.0	26020.0	6000.0	10200.0	0.0	4700.0
C25-PLM-2-2-08	10700.0	17225.0	-4600.0	4600.0	0.0	4000.0
C25-PLM-2-2-09	-17000.0	-11304.0	-25300.0	-21040.0	0.0	5050.0
C25-PLM-2-2-10	17625.0	24885.0	-4600.0	4600.0	0.0	4000.0
C25-PLM-2-2-12	34350.0	34350.0	-8670.0	-3775.0	0.0	5000.0
C25-PLM-2-2-13	34350.0	34350.0	3775.0	6555.0	0.0	5000.0
C25-PLM-2-2-15	-17100.0	-13860.0	10900.0	14300.0	0.0	20850.0
C25-PLM-2-3-02	-17100.0	-13860.0	-8000.0	-3675.0	5200.0	9850.0
C25-PLM-2-3-03	-17100.0	-13860.0	3675.0	8000.0	5200.0	9850.0
C25-PLM-2-3-04-E1	10700.0	34050.0	-14200.0	-6000.0	5400.0	9700.0
C25-PLM-2-3-04-N1	30280.0	34050.0	-6000.0	10700.0	5200.0	9700.0
C25-PLM-2-3-04-N2	34050.0	37795.0	-3475.0	3475.0	5200.0	9700.0
C25-PLM-2-3-04-O1	10700.0	10876.0	6000.0	14200.0	5200.0	9700.0
C25-PLM-2-3-04-O2	10876.0	34050.0	10700.0	14200.0	5200.0	9700.0
C25-PLM-2-3-05	11176.0	13576.0	6000.0	10400.0	5200.0	9300.0
C25-PLM-2-3-06	17150.0	36750.0	14500.0	27500.0	5200.0	9800.0
C25-PLM-2-3-07	13776.0	16326.0	6000.0	10400.0	5200.0	9300.0
C25-PLM-2-3-08	17150.0	36750.0	-25200.0	-14500.0	5200.0	9700.0
C25-PLM-2-3-09	16526.0	19076.0	6000.0	10400.0	5200.0	9300.0
C25-PLM-2-3-10	34350.0	34350.0	3775.0	6555.0	5200.0	9700.0
C25-PLM-2-3-11	19276.0	21826.0	6000.0	10400.0	5200.0	9300.0
C25-PLM-2-3-12	34350.0	34350.0	-8670.0	-3775.0	5200.0	9700.0
C25-PLM-2-3-13	22026.0	24576.0	6000.0	10400.0	5200.0	9300.0
C25-PLM-2-3-14	10700.0	19280.0	-4600.0	4600.0	5400.0	15280.0
C25-PLM-2-3-15	24776.0	27176.0	6000.0	10400.0	5200.0	9300.0
C25-PLM-2-3-16	20280.0	25270.0	-4600.0	4600.0	5400.0	15280.0
C25-PLM-2-3-17	27376.0	29976.0	6000.0	10400.0	5200.0	9300.0
C25-PLM-2-3-18	26270.0	28880.0	2000.0	4600.0	5400.0	15280.0
C25-PLM-2-3-20	26270.0	28880.0	-4600.0	1200.0	5400.0	15280.0
C25-PLM-2-3-22	-17000.0	-13002.0	-18515.0	-14500.0	5200.0	9700.0
C25-PLM-2-3-24	-12949.0	-11302.0	-17080.0	-14500.0	5200.0	9700.0
C25-PLM-2-4-01-CO	-13560.0	10700.0	-14200.0	14200.0	10000.0	14900.0
C25-PLM-2-4-01-E1	10700.0	34050.0	-14200.0	-6000.0	10000.0	14900.0
C25-PLM-2-4-01-N1	30280.0	34050.0	-6000.0	10700.0	10000.0	14900.0
C25-PLM-2-4-01-N2	34050.0	37795.0	-3475.0	3475.0	10000.0	15050.0
C25-PLM-2-4-01-O1	10700.0	34050.0	10700.0	14200.0	10000.0	14900.0
C25-PLM-2-4-02	8600.0	16850.0	-27650.0	-14500.0	10000.0	14900.0
C25-PLM-2-4-03	34350.0	34350.0	3775.0	6555.0	10000.0	15050.0
C25-PLM-2-4-04	17150.0	25350.0	-25200.0	-14500.0	10000.0	14900.0
C25-PLM-2-4-05	17150.0	36750.0	14500.0	27500.0	10000.0	14900.0
C25-PLM-2-4-06	25650.0	36750.0	-25200.0	-14500.0	10000.0	14900.0
C25-PLM-2-4-07	11175.0	13375.0	6000.0	10000.0	10000.0	14500.0
C25-PLM-2-4-09	13775.0	16025.0	6000.0	10000.0	10000.0	14500.0
C25-PLM-2-4-10	-17927.11122	-17927.11122	3675.0	8000.0	10000.0	15050.0
C25-PLM-2-4-11	16525.0	18775.0	6000.0	10000.0	10000.0	14500.0
C25-PLM-2-4-12	-17548.72275	-17548.72275	-8000.0	-3675.0	10000.0	15050.0
C25-PLM-2-4-13	19275.0	21525.0	6000.0	10000.0	10000.0	14500.0
C25-PLM-2-4-14	34350.0	34350.0	-8675.0	-3775.0	10000.0	15050.0
C25-PLM-2-4-15	22025.0	24275.0	6000.0	10000.0	10000.0	14500.0
C25-PLM-2-4-17	24775.0	26980.0	6000.0	10000.0	10000.0	14500.0
C25-PLM-2-4-19	27380.0	29580.0	6000.0	10000.0	10000.0	14500.0
C25-PLM-2-5-01	-13560.0	34050.0	-14200.0	14200.0	14700.0	28000.0
C25-PLM-2-5-02	34350.0	34350.0	-8670.0	-3775.0	15200.0	20850.0
C25-PLM-2-5-03	34350.0	34350.0	3775.0	6555.0	15200.0	20850.0
C25-PLM-2-5-04	-17546.64107	-17546.64107	-8000.0	-3675.0	15200.0	20850.0
C25-PLM-2-5-05	-17924.10505	-17924.10505	3675.0	8000.0	15200.0	20850.0
C25-PLM-2-5-06	34350.0	37795.0	-3475.0	3475.0	15200.0	20700.0
C25-PLM-2-5-07	-13560.0	-3560.0	-14200.0	-6790.0	15200.0	21120.0
C25-PLM-2-5-09	11075.0	13575.0	9500.0	11300.0	15200.0	16700.0
C25-PLM-2-5-11	13775.0	16325.0	9500.0	11300.0	15200.0	16700.0
C25-PLM-2-5-13	19280.0	21830.0	9500.0	11300.0	15200.0	16700.0
C25-PLM-2-5-15	22030.0	24580.0	9500.0	11300.0	15200.0	16700.0
C25-PLM-2-5-17	24780.0	27330.0	9500.0	11300.0	15200.0	16700.0
C25-PLM-2-5-19	27530.0	30080.0	9500.0	11300.0	15200.0	16700.0
C25-PLM-4-1-01	-36067.0	-28109.5	-14200.0	-10385.0	-6700.0	-150.0
C25-PLM-4-1-06	-32965.0	-24953.0	6285.0	14200.0	-6700.0	-150.0
C25-PLM-4-1-07	-28068.0	-19938.0	-1247.0	2876.0	-5800.0	-150.0
C25-PLM-4-1-08	-27954.5	-23244.5	-14200.0	-6287.5	-6700.0	-150.0
C25-PLM-4-1-09	-36065.0	-33115.0	4525.0	14200.0	-6700.0	-150.0
C25-PLM-4-1-10	-36065.0	-29852.5	-2790.0	4525.0	-6700.0	-150.0
C25-PLM-4-1-11	-36065.0	-28104.5	-10235.0	-6425.0	-6700.0	-150.0
C25-PLM-4-1-12	-35800.0	-17300.0	-17200.0	-14450.0	-6700.0	-500.0
C25-PLM-4-1-14	-41652.5	-39652.5	1350.0	3352.5	-5800.0	-300.0
C25-PLM-4-2-01	-23922.5	-19937.5	9370.0	14200.0	0.0	5050.0
C25-PLM-4-2-02	-23922.5	-19937.5	5677.5	9210.0	0.0	5050.0
C25-PLM-4-2-03	-23922.5	-19937.5	-9210.0	-5677.5	0.0	5050.0
C25-PLM-4-2-04	-23861.5	-19937.5	-14200.0	-9370.0	0.0	5050.0
C25-PLM-4-2-05	-36065.0	-24077.5	5675.0	14200.0	0.0	5050.0
C25-PLM-4-2-06	-35850.0	-20150.0	-5525.0	5525.0	0.0	5050.0
C25-PLM-4-2-07	-27925.0	-24077.5	-14200.0	-5675.0	0.0	5050.0
C25-PLM-4-2-08	-31925.0	-28075.0	-14200.0	-5675.0	0.0	5050.0
C25-PLM-4-2-09	-36065.0	-32075.0	-14200.0	-5675.0	0.0	5050.0
C25-PLM-4-2-10	-46401.0	-33556.0	-9075.0	9215.0	0.0	5050.0
C25-PLM-4-2-11[1]	-40690.0	-36100.0	19357.5	23167.0	0.0	5050.0
C25-PLM-4-2-12	-40690.0	-36100.0	17450.0	19357.5	0.0	5050.0
C25-PLM-4-2-13	-44250.0	-38915.0	-14200.0	-8535.0	0.0	5200.0
C25-PLM-4-2-14	-44250.0	-38635.0	8535.0	14200.0	0.0	5050.0
C25-PLM-4-2-16	-40690.0	-36100.0	-23165.0	-17450.0	0.0	5050.0
C25-PLM-4-2-17	-38485.0	-36215.0	8385.0	17450.0	0.0	5050.0
C25-PLM-4-2-18	-46651.0	-39502.0	-4450.0	4450.0	0.0	9850.0
C25-PLM-4-2-19	-38765.0	-36215.0	-14200.0	-8385.0	0.0	5050.0
C25-PLM-4-3-01	-23925.0	-19911.5	9280.0	14200.0	5200.0	9850.0
C25-PLM-4-3-02	-23925.0	-19911.5	5675.0	9120.0	5200.0	9850.0
C25-PLM-4-3-03	-23942.0	-19931.5	-9150.0	-5675.0	5200.0	9850.0
C25-PLM-4-3-04	-23866.5	-19931.5	-14200.0	-9310.0	5200.0	9850.0
C25-PLM-4-3-05	-36065.0	-24075.0	5675.0	14200.0	5200.0	9850.0
C25-PLM-4-3-06	-35850.0	-20150.0	-5525.0	5525.0	5200.0	9850.0
C25-PLM-4-3-07	-27925.0	-24077.5	-14200.0	-5675.0	5200.0	9850.0
C25-PLM-4-3-08	-31925.0	-28075.0	-8700.0	-5675.0	5200.0	9850.0
C25-PLM-4-3-09	-31925.0	-28075.0	-14200.0	-8700.0	5200.0	9850.0
C25-PLM-4-3-10	-36065.0	-32075.0	-14200.0	-5675.0	5200.0	9850.0
C25-PLM-4-3-11	-38767.0	-36215.0	-17450.0	17448.0	5200.0	9850.0
C25-PLM-4-3-12	-40690.0	-36102.0	19358.0	23167.0	5200.0	9850.0
C25-PLM-4-3-13	-40690.0	-36102.0	17448.0	19358.0	5200.0	9850.0
C25-PLM-4-3-14	-44250.0	-38635.0	9275.0	14198.0	5200.0	9850.0
C25-PLM-4-3-15	-46402.0	-38635.0	4525.0	9125.0	5200.0	9850.0
C25-PLM-4-3-16	-46402.0	-38635.0	-9050.0	-4525.0	5200.0	9850.0
C25-PLM-4-3-17	-44250.0	-38917.0	-14200.0	-9200.0	5260.0	9850.0
C25-PLM-4-3-18	-40690.0	-36100.0	-19355.0	-17450.0	5200.0	9850.0
C25-PLM-4-3-19	-40690.0	-36100.0	-23165.0	-19355.0	5200.0	9850.0
C25-PLM-4-3-21	-36065.0	-33677.0	5675.0	7675.0	5200.0	9850.0
C25-PLM-4-4-01	-45263.11635	-45263.11635	14450.0	17200.0	10000.0	14550.0
C25-PLM-4-4-02	-45024.52252	-45024.52252	-17200.0	-14450.0	10000.0	14550.0
C25-PLM-4-4-03	-15760.0	-13860.0	-3475.0	3475.0	10000.0	13800.0
C25-PLM-X-4-salidatecho	-8350.0	8400.0	-31330.17177	-31330.17177	10000.0	14900.0
