NOMBRE	Xmin	Xmax	Ymin	Ymax	Zmin	Zmax
C25-PLM-2-1-46	37050	43820	-25200	-14800	-5800	-600
C25-PLM-1-1-24	4350	8375	-25300	-20275	-6900	-200
C25-PLM-1-1-22	125	4100	-25300	-20275	-6900	-200
C25-PLM-1-3-02_e	11160	12808	-27700	-18540	5200	9800
C25-PLM-2-1-C03	3302.282	9499.8	-6354.65	6354.65	-5720	-800
C25-PLM-2-2-C01	-9500.00000000001	9499.99999999999	-9499.802	9499.802	80	4700
C25-PLM-2-2-03	-17100	-13860	3675	8000	0	5050
C25-PLM-2-2-15_a	-17100	-13860	10900	14300	0	5050
C25-PLM-2-1-13	34350	37795	150	3475	-6900	-300
C25-PLM-2-1-22	34350	37795	-3475	-150	-6900	-300
C25-PLM-1-1-01	-44625	-38635	7690	14200	-5800	-300
C25-PLM-2-1-05	21470	24870	-2250	-400	-5800	-1000
C25-PLM-1-1-11_a	-46400	-38700	-14200	-4680	-6700	-300
C25-PLM-1-1-38	-17000	-8650	-31571.479	-25500	-6900	-300
C25-PLM-2-0-C02_b	-9499.801	6502.032	-9499.966	9499.966	-5800	-800
C25-PLM-1-2-16_a	-19900	-100	-27700	-25500	0	5050
C25-PLM-4-2-02	-22842	-19937.5	5677.5	9210	0	5050
C25-PLM-2-0-08	17010	26075	-10400	-6000	-12100	-6100
C25-PLM-4-2-03	-23922.5	-19937.5	-9210	-5677.5	0	5050
C25-PLM-1-2-14_a	-6730	8375	-25300	-20275	0	4550
C25-PLM-1-2-12_b	-8400	-6930	-22809	-18575	0	4550
C25-PLM-1-2-03	-17200	25600	25500	27500	0	5000
C25-PLM-1-2-07	25600	44120	14450	27525	0	4900
C25-PLM-1-3-01	-19900	-17200	-27700	27500	5200	9700
C25-PLM-1-3-02_a	-12802	-11302	-27700	-17280	5200	9700
C25-PLM-1-3-02_b	-11302	-8600	-27700	-25500	5200	9700
C25-PLM-1-3-02_d	8600	11160	-29847.238	-25500	5200	9850
C25-PLM-1-3-02_c	-11160	8600	-31576.016	-27950	5200	9850
C25-PLM-4-3-02	-23925	-19911.5	5675	9120	5200	9850
C25-PLM-1-1-16	8625	16850	-27700	-14500	-5800	4900
C25-PLM-1-3-30	-17200	-13002	-27700	-25500	5200	9700
C25-PLM-4-3-11	-38767	-36215	-17450	17448	5200	9850
C25-PLM-1-1-12	-7878	8375	-20075	-18575	-6900	-200
C25-PLM-1-3-34	8600	11110	-16273	-14500	5200	9800
C25-PLM-2-3-24	-12949	-11302	-17080	-14500	5200	9700
C25-PLM-4-2-17	-38485	-36215	9365	17450	0	5050
C25-PLM-2-1-04-E1	11180	26270	-14200	-9000	-5720	-300
C25-PLM-2-1-04-O1	10880	26270	10700	14200	-5720	-300
C25-PLM-2-1-04-CO	-13560	10700	-14200	14200	-5720	-300
C25-PLM-1-1-25_a	34300	44020	-150	25250	-6900	-300
C25-PLM-1-2-09	37117.043	44120	-150	14150	0	5000
C25-PLM-2-0-C01_d	-3550	3550	-3550	3550	4700	8800
C25-PLM-1-1-07	-44622.5	-42930	4635	6395	-6700	-300
C25-PLM-2-3-C01	-9500.00000000001	9499.99999999999	-9499.802	9499.802	5280	8800
C25-PLM-4-2-06	-34870.375	-21131.818	-5525	5525	0	5050
C25-PLM-1-1-32	34350	44070	-14200	-12650	-5800	7650
C25-PLM-2-1-18	20380	26070	-9000	-6000	-5800	-2800
C25-PLM-2-1-14	15880	20180	-9000	-6000	-5800	-2800
C25-PLM-2-1-12	11380	15680	-9000	-6000	-5800	-2820
C25-PLM-2-1-33	21470	24870	-4600	-2750	-5800	-1000
C25-PLM-1-1-10	4325	8375	-18375	-14500	-5800	-200
C25-PLM-2-4-C08	3406.244	10700	-1000	1000	10000	14000
C25-PLM-2-4-C03	-8019.945	-600	2436.865	9481.034	10000	14000
C25-PLM-2-4-C05	600	9241.753	2200	9481.034	10000	14000
C25-PLM-2-0-C01_b	-3239.875	3239.875	-3239.875	3239.875	-5800	-800
C25-PLM-2-1-04-O2	10700	10880	6000	14200	-5720	-300
C25-PLM-2-1-04-E2	10700	11180	-14200	-6000	-5720	-300
C25-PLM-1-1-28	-17000	-11305	-18375	-14500	-6900	-300
C25-PLM-1-1-14	-8400	-125	-25300	-20275	-5800	-200
C25-PLM-2-1-16	17150	25350	-25200	-14500	-5800	-300
C25-PLM-2-1-20	25650	36550	-25200	-14500	-5800	-300
C25-PLM-4-3-17	-44250	-38917	-14200	-9200	5260	9850
C25-PLM-4-3-18	-40690	-36100	-19355	-17450	5200	9850
C25-PLM-2-3-02	-17100	-13860	-8000	-3675	5200	9850
C25-PLM-4-3-12	-40690	-36102	19358	23167	5200	9850
C25-PLM-1-3-28	-11102	-8600	-25300	-23527	5200	9700
C25-PLM-2-3-04-N1	30280	34050	-6000	10700	5200	9700
C25-PLM-2-3-04-E1	10700	34050	-14200	-6000	5400	9700
C25-PLM-4-3-15	-46402	-38635	4525	9125	5200	9850
C25-PLM-2-3-03	-17100	-13860	3675	8000	5200	9850
C25-PLM-1-3-04	-17100	-13860	-3475	1705	5200	9850
C25-PLM-4-3-13	-40690	-36102	17448	19358	5200	9850
C25-PLM-4-3-14	-44250	-38635	9275	14198	5200	9850
C25-PLM-4-3-16	-46402	-38635	-9050	-4525	5200	9850
C25-PLM-4-3-19	-40690	-36100	-23165	-19355	5200	9850
C25-PLM-4-3-10	-36065	-32075	-14200	-5675	5200	9850
C25-PLM-4-3-08	-31925	-28075	-8700	-5675	5200	9850
C25-PLM-4-3-09	-31925	-28075	-14200	-8700	5200	9850
C25-PLM-2-0-09	17010	26075	6000	10400	-12100	-6100
C25-PLM-2-0-02	5450	16810	-10400	-6000	-12100	-6100
C25-PLM-2-0-07	17610	24875	1200	4600	-12100	-6400
C25-PLM-2-0-03	10700	16810	1800	4600	-12100	-6400
C25-PLM-2-0-06	17610	24875	-4600	-1200	-12100	-6400
C25-PLM-2-0-04	10700	16810	-4600	-1800	-12100	-6400
C25-PLM-2-0-05-N2	26275	30275	-10400	10400	-12100	-6100
C25-PLM-2-0-05-N1	16810	26275	-1000	1000	-12100	-6400
C25-PLM-2-0-C04	10700	16810	-1115	1115	-12100	-6400
C25-PLM-4-2-19	-38765	-36215	-17450	-9185	0	5050
C25-PLM-2-5-04	-17923.805	-13860	-8000	-3675	15200	20850
C25-PLM-2-5-05	-17924.105	-13860	3675	8000	15200	20850
C25-PLM-2-5-02	34350	37894.039	-8670	-3775	15200	20850
C25-PLM-2-5-03	34350	37894.371	3775	6555	15200	20850
C25-PLM-1-1-21	-40690	-36100	17450	23167	-5800	-300
C25-PLM-4-1-11	-36065	-28104.5	-10235	-6425	-6700	-150
C25-PLM-1-2-14_b	-8400	-6730	-25300	-23009	0	4550
C25-PLM-1-2-12_a	-6930	8375	-20075	-18575	0	4550
C25-PLM-2-5-01	-13560	34050	-14200	14200	14700	28000
C25-PLM-1-2-16_b	-11104	-8600	-25500	-20080	0	5050
C25-PLM-1-2-21	-16950	-12825	27750	31150	-600	4950
C25-PLM-1-2-27	21400	25500	27750	31250	-600	4950
C25-PLM-1-2-23	-12675	-8575	27750	31150	-600	4950
C25-PLM-1-2-215	17150	21250	27750	31250	-600	4950
C25-PLM-4-2-09	-36065	-32075	-14200	-5675	0	5050
C25-PLM-4-2-07	-27925	-24077.5	-14200	-5675	0	5050
C25-PLM-4-2-08	-31925	-28075	-14200	-5675	0	5050
C25-PLM-1-2-11	-8400	8400	14500	25250	0	5000
C25-PLM-2-2-07	11380	26020	6000	10200	0	4700
C25-PLM-1-2-10_b	100	8650	-27700	-25500	0	4550
C25-PLM-1-2-10_a	8650	16850	-27700	-25500	0	4900
C25-PLM-2-5-06	34350	37795	-3475	3475	15200	20700
C25-PLM-1-2-17	-16900	-8700	14500	25250	0	5000
C25-PLM-1-2-19	17150	25400	14500	25250	0	5000
C25-PLM-4-2-12	-40690	-38535	17450	19357.5	0	5050
C25-PLM-1-1-40	-8400	4100	-27700	-25500	-6900	-300
C25-PLM-1-1-42_b	4350	8350	-27700	-25500	-6900	-300
C25-PLM-4-1-09	-36065	-33115	4525	14200	-6700	-150
C25-PLM-2-1-44	-19747	-17300	-9925	-7640	-6700	-150
C25-PLM-2-1-42	-19800	-17300	7561	11386	-6700	-150
C25-PLM-4-1-10	-36065	-29852.5	-2790	4525	-6700	-150
C25-PLM-1-3-08	-11102	-8600	-23327	-20030	5200	9700
C25-PLM-1-3-12	-11102	-8600	-19830	-16473	5200	9700
C25-PLM-1-2-18	-19900	-17200	-25300	-5677.5	0	5050
C25-PLM-1-2-01_b	-19900	-17200	5522.5	27500	0	5000
C25-PLM-1-1-42_a	8650	11110.66	-29844.523	-25500	-6900	-400
C25-PLM-4-1-06	-32965	-24953	6285	14200	-6700	-150
C25-PLM-4-1-08	-27954.5	-23244.5	-14200	-6287.5	-6700	-150
C25-PLM-1-1-19	-51857.605	-46650	7150	9851	-5800	-350
C25-PLM-2-0-C02_a	-8792.694	6835.075	-9499.98	9499.98	-12100	-5800
C25-PLM-2-0-C01_a	-2700	2700	-2700	2700	-10140	-5800
C25-PLM-4-2-16	-40690	-36100	-23165	-17450	0	5050
C25-PLM-2-1-29	14150	16810	400	4600	-5800	-1000
C25-PLM-2-1-27	10700	13350	400	4600	-5800	-1000
C25-PLM-2-1-31	17610	20270	400	4600	-5800	-1000
C25-PLM-2-1-30	17610	20270	-4600	-400	-5800	-1000
C25-PLM-2-4-C04	600	9241.753	-9481.034	-2200	10000	14000
C25-PLM-2-4-C01	-9499.805	-3820.773	-4399.377	4399.377	10000	14000
C25-PLM-2-4-C02	-8019.945	-600	-9481.034	-2436.865	10000	14000
C25-PLM-2-0-C01_e	-3549.881	3549.802	-3549.982	3549.998	8800	14000
C25-PLM-2-4-14	34350	37894.039	-8675	-3775	10000	15050
C25-PLM-1-4-02	-8350	-100	-27751	-14500	10200	14900
C25-PLM-2-4-02	8600	16850	-27650	-14500	10000	14900
C25-PLM-1-4-04	100	8400	-27751	-14500	10200	14900
C25-PLM-2-0-C03	3302.282	9499.991	-6387.963	6354.65	-12100	-5720
C25-PLM-2-1-51	-8400	-100	25500	27500	-5800	-200
C25-PLM-2-3-04-O1	10700	10876	6000	14200	5200	9700
C25-PLM-2-4-04	17150	25350	-25200	-14500	10000	14900
C25-PLM-2-4-06	25650	36750	-25200	-14500	10000	14900
C25-PLM-2-4-10	-17927.111	-13860	3675	8000	10000	15050
C25-PLM-2-4-12	-17927.111	-13860	-8000	-3675	10000	15050
C25-PLM-2-4-03	34350	37894.371	3775	6555	10000	15050
C25-PLM-4-4-03	-15760	-13860	-3475	3475	10000	13800
C25-PLM-2-0-C01_c	-3240	3240	-3240	3240	-800	4700
C25-PLM-4-2-13	-44250	-38915	-14200	-8535	0	5200
C25-PLM-4-2-05	-36065	-24077.5	5675	14200	0	5050
C25-PLM-4-2-01	-23922.5	-19937.5	5677.5	14200	0	5050
C25-PLM-4-2-04_a	-23861.5	-19937.5	-14200	-9370	0	5050
C25-PLM-2-2-13	34350	37894.371	3775	6555	0	5000
C25-PLM-2-2-02	-17100	-13860	-8000	-3675	0	5050
C25-PLM-4-2-11	-40690	-36100	19357.5	23167	0	5050
C25-PLM-2-2-09	-17000	-11304	-25300	-21040	0	5050
C25-PLM-2-2-05	-17000	-11304	-20840	-14500	0	5050
C25-PLM-2-2-12	34350	37894.039	-8670	-3775	0	5000
C25-PLM-2-2-06	17150	36750	-25200	-14500	0	4900
C25-PLM-2-5-09	11075	13575	9500	11300	15200	16700
C25-PLM-2-5-07	-13560	-3560	-14200	-6790	15200	21120
C25-PLM-4-4-02	-45265.117	-38686	-17200	-14450	10000	14550
C25-PLM-4-4-01	-45263.117	-38690	14450	17200	10000	14550
C25-PLM-2-2-08	10700	17225	-4600	4600	0	4000
C25-PLM-1-2-29	25600	34050	14500	17250	0	5000
C25-PLM-1-2-20	37050	44020	-25200	-14500	0	4900
C25-PLM-1-3-33	-4150	4100	14500	25250	5200	9700
C25-PLM-1-3-11	-16950	-8575	27750	30995	4400	9700
C25-PLM-1-3-05	10949	16850	14500	24565	5200	9700
C25-PLM-1-3-23	4400	8499	14500	17100	5200	9700
C25-PLM-1-3-29	10949	18650	24765	27500	5200	9700
C25-PLM-1-3-17	4400	8499	17250	25250	5200	9700
C25-PLM-1-3-13	17150	25500	27800	31100	4400	9800
C25-PLM-1-3-27	8699	10749	14500	25300	5200	9700
C25-PLM-2-5-15	22030	24580	9500	11300	15200	16700
C25-PLM-2-5-13	19280	21830	9500	11300	15200	16700
C25-PLM-2-5-17	24780	27330	9500	11300	15200	16700
C25-PLM-2-5-11	13775	16325	9500	11300	15200	16700
C25-PLM-2-5-19	27530	30080	9500	11300	15200	16700
C25-PLM-2-4-05	17150	36750	14500	27500	10000	14900
C25-PLM-2-4-07	11175	13375	6000	10000	10000	14500
C25-PLM-2-4-17	24775	26980	6000	10000	10000	14500
C25-PLM-2-4-19	27380	29580	6000	10000	10000	14500
C25-PLM-2-4-15	22025	24275	6000	10000	10000	14500
C25-PLM-2-4-09	13775	16025	6000	10000	10000	14500
C25-PLM-2-4-11	16525	18775	6000	10000	10000	14500
C25-PLM-2-4-13	19275	21525	6000	10000	10000	14500
C25-PLM-X-4-salidatecho	-8350	8400	-31330.172	-27951	10000	14900
C25-PLM-1-1-27	4350	21150	25500	29750	-6900	-200
C25-PLM-2-1-06	-24803	-17300	7561	18259.633	-6700	-150
C25-PLM-2-1-49	25700	33700	25500	29750	-6900	-600
C25-PLM-2-1-41	-23089.5	-17300	-14200	-6285	-6700	-150
C25-PLM-2-1-EP18	20380	26070	-9000	-6000	-2600	-300
C25-PLM-2-1-EP14	15880	20180	-9000	-6000	-2600	-300
C25-PLM-4-2-14	-44250	-38635	8535	14200	0	5050
C25-PLM-2-1-EP12	11380	15680	-9000	-6000	-2520	-300
C25-PLM-1-3-25	-10900	-8700	15520	25200	5200	9700
C25-PLM-2-3-06	17150	36750	14500	27500	5200	9800
C25-PLM-2-4-01-N1	30280	34050	-6000	10700	10000	14900
C25-PLM-2-4-01-E1	10700	34050	-14200	-6000	10000	14900
C25-PLM-2-4-01-N2	34050	37795	-3475	3475	10000	15050
C25-PLM-2-3-22	-17000	-13002	-18515	-14500	5200	9700
C25-PLM-1-3-10	-17000	-13002	-25300	-18715	5200	9700
C25-PLM-1-3-36	-11102	-8600	-16273	-14500	5200	9700
C25-PLM-2-4-01-CO	-13560	10700	-14200	14200	10000	14900
C25-PLM-2-3-04-N2	34050	37795	-3475	3475	5200	9700
C25-PLM-2-3-04-O2	10876	34050	10700	14200	5200	9700
C25-PLM-2-4-01-O1	10700	34050	10700	14200	10000	14900
C25-PLM-4-3-03	-23942	-19931.5	-9150	-5675	5200	9850
C25-PLM-4-3-04	-23866.5	-19931.5	-14200	-9310	5200	9850
C25-PLM-4-3-07	-27925	-24077.5	-14200	-5675	5200	9850
C25-PLM-2-3-10	34350	37894.371	3775	6555	5200	9700
C25-PLM-2-3-12	34350	37894.039	-8670	-3775	5200	9700
C25-PLM-1-1-36	-19900	-17300	-27700	-17450	-6900	-200
C25-PLM-1-1-23	-40690	-36101	-23165	-17450	-6700	-300
C25-PLM-1-1-18	-12740	-8650	-25300	-20275	-6900	-300
C25-PLM-2-1-21	20380	26070	6000	10700	-5800	-500
C25-PLM-2-1-17	15880	20180	6000	10700	-5800	-500
C25-PLM-2-1-15	11080	15680	6000	10700	-5800	-500
C25-PLM-2-1-28	14150	16810	-4600	-400	-5800	-1000
C25-PLM-2-1-32	21470	24870	400	4600	-5800	-1000
C25-PLM-2-2-01	21885	24885	1400	4600	0	4000
C25-PLM-2-1-26	10700	13350	-4600	-400	-5800	-1000
C25-PLM-4-1-12	-35800	-17300	-17200	-14450	-6700	-500
C25-PLM-2-1-24	34350	37894.039	-8670	-3775	-5800	-300
C25-PLM-1-1-26	-50367.914	-46650	-9850	-7150	-5800	-350
C25-PLM-1-1-29	34300	44020	25500	27500	-5800	-200
C25-PLM-2-1-09	-8400	-100	14500	25250	-6900	-200
C25-PLM-2-1-47	21400	25200	25500	29750	-5800	-200
C25-PLM-2-1-07	-19899	-8700	14500	27500	-6900	-200
C25-PLM-2-1-01	-17100	-13860	-3475	3475	-5800	-150
C25-PLM-4-1-01	-36067	-28109.5	-14200	-10385	-6700	-150
C25-PLM-2-1-02	-17100	-13860	-8000	-3675	-5800	-150
C25-PLM-2-1-25	34350	37894.371	3775	6555	-5800	-200
C25-PLM-1-1-15	8700	16850	14500	25250	-5800	4900
C25-PLM-2-1-23	25750	33700	14600	25000	-5800	-600
C25-PLM-2-1-19	17150	25350	14500	25250	-6900	-200
C25-PLM-2-1-11	100	8400	14500	27500	-6900	-200
C25-PLM-1-1-06	-4125	-100	-18375	-14500	-5800	-200
C25-PLM-1-1-08	100	4125	-18375	-14500	-5800	-200
C25-PLM-1-1-04	-8400	-4325	-18375	-14500	-5800	-200
C25-PLM-2-3-04-CO	-13560	10700	-14200	14200	5200	9700
C25-PLM-2-1-03	-17100	-13860	3675	8000	-5800	-150
C25-PLM-2-1-37	-17100	-13860	10900	14300	-7100	-150
C25-PLM-2-1-45	-16950	-8650	25500	29750	-5800	-200
C25-PLM-4-1-14	-41652.5	-39652.5	1350	3352.5	-5800	-300
C25-PLM-1-1-05	-43845.5	-39637.5	3507.5	5030.5	-6700	-300
C25-PLM-4-1-07	-28068	-19938	-1247	2876	-5800	-150
C25-PLM-4-2-18	-46408.355	-39502.102	-4450	4450	0	9850
C25-PLM-4-2-10	-46401	-34401.203	-9075	9215	0	5050
C25-PLM-2-1-04-N	26270	34050	-14200	14200	-5720	-300
C25-PLM-1-2-05	-21619.611	-13860	-5522.5	10572	0	5050
C25-PLM-1-1-11_b	-46400	-43998	-4680	2557	-5800	-300
C25-PLM-2-2-10	17625	24885	-4600	4600	0	4000
C25-PLM-4-3-06	-34668.324	-21331.717	-5525	5525	5200	9850
C25-PLM-1-1-25_b	37249.922	44070	-12450	-150	-6900	-300
C25-PLM-1-1-20	-17000	-12940	-25300	-21040	-6900	-300
C25-PLM-1-1-30	-17000	-11305	-20840	-18575	-6900	-300
C25-PLM-1-1-03	-43851	-38640	4637.5	7540	-6700	-300
C25-PLM-1-1-09	-44600	-39652.5	-4480	3352.5	-6700	-300
C25-PLM-2-2-04-CO	-13560	10700	-14200	14200	80	4900
C25-PLM-2-2-04-N1	26285	34050	-6000	10700	80	4900
C25-PLM-2-2-04-E	10700	34050	-14200	-6000	80	4900
C25-PLM-2-2-04-N2	34050	37795	-3475	3475	80	4900
C25-PLM-2-2-04-O1	10700	34050	10700	14200	80	4900
C25-PLM-2-2-04-O2	10700	10880	6000	10700	80	4900
C25-PLM-1-1-25_c	38095	44095	-12450	-150	-300	5000
C25-PLM-2-0-13_b	26270	27270	3800	5800	-6100	-300
C25-PLM-1-2-01_a	-35000	-19900	14450	18364.898	0	3850
C25-PLM-2-3-16	20280	25270	-4600	4600	5400	15280
C25-PLM-2-3-07	13776	16326	6000	10400	5200	9300
C25-PLM-2-3-11	19276	21826	6000	10400	5200	9300
C25-PLM-2-3-05	11176	13576	6000	10400	5200	9300
C25-PLM-2-3-18	26270	28880	2000	4600	5400	15280
C25-PLM-2-3-15	24776	27176	6000	10400	5200	9300
C25-PLM-2-3-17	27376	29976	6000	10400	5200	9300
C25-PLM-2-3-14	10700	19280	-4600	4600	5400	15280
C25-PLM-2-3-13	22026	24576	6000	10400	5200	9300
C25-PLM-2-3-09	16526	19076	6000	10400	5200	9300
C25-PLM-2-3-20	26270	28880	-4600	1200	5400	15280
C25-PLM-1-2-41_b	31810	33925	27750	28775	-300	5200
C25-PLM-1-2-43_b	34075	36750	27750	28775	-300	5200
C25-PLM-1-2-41_c	31810	33925	27800	28800	5200	10900
C25-PLM-1-2-43_c	34075	36751	27800	28800	5200	10900
C25-PLM-4-2-04_b	-23922.5	-22960	-9370	-5525	0	5050
C25-PLM-1-2-41_d	31810	33926	27800	28799.447	10900	13850
C25-PLM-1-2-43_d	34076	36751	27800	28799.447	10900	13850
C25-PLM-2-0-11_a	26275	28825	-9000	-3050	-10100	-6200
C25-PLM-1-2-02	-8400	-4325	-18375	-14500	0	4550
C25-PLM-1-2-04	-4125	-100	-18375	-14500	0	4550
C25-PLM-2-0-13_c	26285	27283	3135	4735	-300	4000
C25-PLM-2-0-01	5450	16810	6000	10400	-12100	-6100
C25-PLM-1-2-08	4325	8375	-18375	-14500	0	4550
C25-PLM-1-2-06	100	4125	-18375	-14500	0	4550
C25-PLM-2-2-15_c	-17295.006	-13860	10900	14300	9700	14900
C25-PLM-2-2-15_d	-17294.045	-13860	10900	14300	14900	20850
C25-PLM-1-2-41_a	31810	33925	27800	29750	-5800	-300
C25-PLM-2-2-15_b	-17100	-13860	10900	14300	5050	9700
C25-PLM-1-2-43_a	34075	36750	27800	29750	-5800	-300
C25-PLM-1-3-18	8600	11110	-19830	-16473	5200	9800
C25-PLM-1-3-15	-8500	-4450	14500	17100	5200	9700
C25-PLM-1-3-09	-8500	-4450	17250	25200	5200	9700
C25-PLM-1-3-07_a	-17200	10749	25500	27500	5200	9700
C25-PLM-1-3-03	-16900	-11100	14500	25200	5200	9700
C25-PLM-1-3-14	-8400	8400	-27750	-14500	4700	10000
C25-PLM-1-3-06	8600	11110	-23327	-20030	5200	9800
C25-PLM-1-3-24	11310	16850	-18540	-14500	5200	9800
C25-PLM-1-3-26	12958	16850	-27700	-22557.5	5200	9800
C25-PLM-1-3-32	8600	11110	-25300	-23527	5200	9800
C25-PLM-1-3-22	12958	16850	-22402.5	-20905	5200	9800
C25-PLM-1-3-20	12958	16850	-20745	-18700	5200	9800
C25-PLM-4-1-04	-45265.117	-38765	-17200	-14450	-5800	14550
C25-PLM-2-3-08	17150	36750	-25200	-14500	5200	9700
C25-PLM-4-3-21	-36065	-33677	5675	7675	5200	9850
C25-PLM-4-3-05	-36065	-24075	5675	14200	5200	9850
C25-PLM-4-3-01	-23925	-19911.5	9280	14200	5200	9850